2.858297168390440748e-02	8.422903831706720452e-04	4.281993228083685074e-05	3.476151216380478446e-03	1.311690225824242891e-02
2.535049444430604801e-02	4.328747980506817751e-04	4.086994069459603802e-04	9.720241748786393257e-03	2.120040893109997535e-02
6.855747445680657019e-03	5.514789862737275584e-05	7.580712508183133028e-04	2.471413482404576350e-03	7.681710410689835018e-03
1.385024592574757123e-02	2.161197509886271832e-05	2.233512889428905090e-03	2.794671561779153452e-03	1.167285626655321235e-02
6.940683369690107962e-03	1.305807313394987887e-03	7.782418008537768676e-05	6.254073510444823529e-04	2.294431492562282876e-02
9.409803303429279536e-03	1.105051575675789280e-03	5.814760808454373740e-04	1.205728433242373929e-03	1.713372104875721461e-02
4.188798107950209189e-03	2.721129462022730812e-04	5.585707598381143982e-04	1.052117477991046412e-04	1.576431284754915493e-02
6.089545165793518698e-03	1.861205993872273867e-03	8.615768746343673923e-04	3.071005971864333581e-05	2.361326818857873919e-02
1.045074218974322358e-02	2.962745760358622988e-03	1.024658013629642199e-02	2.268259379949011736e-02	1.654731129095474151e-02
1.633482115369843529e-02	7.619564339644692257e-04	1.057077508043954492e-02	1.529050497820420677e-02	1.312264030197586584e-02
1.830431508514719641e-02	2.065513520179289558e-03	5.824546209473578651e-02	1.551542885467030453e-01	9.678922392989198001e-03
1.462116209945335185e-02	1.165908683781577805e-03	8.070325436335387681e-03	9.837914954195850492e-03	1.207771628740076861e-02
1.096848138208247718e-02	6.307079836557254941e-05	2.918126767781165087e-03	1.122152864058969732e-03	3.707798799438351018e-03
1.120072980988376550e-02	1.418374326600293763e-04	2.659182096992185936e-03	8.052883874760396327e-03	5.110229590563136574e-03
1.382528193705623992e-02	2.666269158848095133e-04	1.337439488567151308e-03	6.239782924294666987e-03	5.042755843812310283e-03
1.007130781990722007e-02	7.204102135412185034e-05	1.000929239855052888e-02	2.573626471177347004e-03	2.866262678141426323e-03
1.847005611193779442e-02	6.646838589816531193e-05	2.393281250687714565e-02	7.250406030468628527e-03	5.014128668792970298e-03
8.733008138972306322e-03	3.106309447574923978e-04	1.946166235106369657e-02	1.163285851595476659e-03	8.183896730227182073e-03
1.537055567427447929e-02	2.018347785969335683e-05	4.120463702417557356e-02	1.211766306116000488e-02	5.130559161525669390e-03
1.852264662486549293e-02	2.127729271462999348e-04	6.786822231214376284e-03	1.510511490319247675e-02	9.251621807852590182e-03
6.478968453718811533e-03	1.005250234212929446e-04	2.177361892042454551e-04	6.702516795650654245e-04	3.527300501809587513e-03
4.694415765559282160e-03	7.056701572385214226e-05	7.178469864521618829e-04	1.268938809451159149e-03	3.673785413105130557e-03
5.304737112383445773e-03	9.593519405780135843e-05	3.407510609289727274e-04	5.893896763107640694e-04	7.962466262369141679e-03
6.779982319237325313e-03	1.138473169072589487e-04	1.181119765974738937e-03	1.101073421639210464e-03	3.477596849396163113e-03
1.729741431052036690e-02	9.672546605489402722e-04	6.564295969603098704e-03	8.229779056240677263e-04	2.522000940533850391e-02
1.323693714339778740e-02	5.026801624516538322e-04	1.636626537097057507e-02	1.240921163313617268e-03	1.944361416453322874e-02
5.872111159171960505e-03	2.421182862820650181e-04	4.978739632830408122e-03	1.319876598647792354e-03	1.140789581883923723e-02
6.161077155054281093e-03	9.112091062300172514e-04	4.414518610960797840e-02	7.479352333215431034e-04	6.997110916897867489e-03
7.845528521302705047e-03	3.150210365199717331e-03	1.752766846144129375e-04	2.799443039428900775e-04	2.045537815587948616e-02
8.738654575859504392e-03	5.563252075486110936e-04	9.245573800568742686e-06	8.557270850710142806e-04	2.066066561628537163e-02
6.991243942192274137e-03	5.329823017977940350e-06	1.947116138069663813e-04	4.516710978013280774e-03	1.650746693042360463e-02
9.940230853556003207e-03	2.557840147961049256e-03	4.737590577557405404e-04	1.874139984180863956e-04	3.201160989743143809e-02
1.882612982699777282e-02	1.162959517454151964e-02	2.034037033122426934e-03	2.856436919377287192e-02	1.791343847554170005e-02
1.872338082022545133e-02	2.403892323511421566e-03	6.548652861194665352e-03	2.061153019437400938e-02	1.602663557887420639e-02
1.236244465460348448e-02	5.088696969966192626e-03	3.875506642864591511e-02	1.479322526107397506e-01	8.459823560631078015e-03
2.688982264641266717e-02	3.922283790500180438e-03	5.823154012449130792e-03	1.940003247372850889e-02	2.263606964908436089e-02
4.460046752801439737e-03	1.665049346096380981e-04	2.056977705051236342e-03	9.379898139727053670e-05	5.480135672383736924e-03
8.784620116113190172e-03	1.803788862217219568e-04	3.164334892413795623e-03	6.537998908203142626e-04	1.395379032734614215e-02
1.378526972772446679e-02	8.931772410622525605e-05	2.243920314388803995e-03	4.107981312225375894e-03	1.514020177322878032e-02
1.103884167889167614e-02	5.771234462366228859e-05	1.389708535981530992e-03	4.745466929822815365e-04	1.273894324697163669e-02
2.239576453272391476e-03	4.260702004390602249e-05	2.200392363396166950e-02	2.329269522256503325e-05	1.928007281758428899e-03
1.306100249522555538e-02	1.629197397570787307e-04	2.041434325752510340e-02	3.399603258814145636e-04	1.005189213024869528e-02
6.979479127081315978e-04	1.909778084233951377e-06	7.003307025939274622e-02	0.000000000000000000e+00	2.080486527375038051e-03
1.222112089835895171e-02	4.225631185644400443e-04	2.301839604493161398e-02	1.677736201198659930e-03	8.626759772468860915e-03
4.873143336870159291e-03	1.364103455257011364e-05	1.653415793995328871e-119	5.159645262865070452e-04	3.226692272334041357e-03
6.449310941687416178e-03	1.606250496876138743e-04	6.890647933774761251e-03	2.241965377426297524e-03	4.683435029391864492e-03
6.536060245494829980e-03	4.961987270364114557e-07	7.458133653174025754e-03	1.097182874449188691e-04	1.456274955109984441e-02
1.230132272320464369e-02	1.565458941844867491e-04	7.951351554451353484e-03	3.664443808171015979e-04	1.296396171885044572e-02
1.886134603882729313e-02	2.089922440205094678e-04	8.145007709805503619e-06	9.519345510543212110e-03	1.785350486930717059e-02
1.984819315724779820e-02	4.548890307180374765e-04	2.151841559519374666e-03	4.666898547371187492e-03	1.918103446202118131e-02
7.160608003782255489e-03	7.208772888847560722e-05	1.748539865545318487e-04	7.436328896897712211e-03	3.037495712735775212e-03
1.678596012471385984e-02	3.536025610665116713e-04	3.076119873875766009e-03	3.662326444592630108e-03	1.684159661153627335e-02
6.647166216125213571e-03	8.786052665976452946e-04	4.726324272572321548e-04	1.137862058394148332e-04	1.464667554380384359e-02
9.229895372844154969e-03	5.663521390999182170e-04	4.108965844579063817e-03	1.108670954183419528e-03	1.608730737545084957e-02
3.270987160550911481e-03	3.983868853374108359e-04	1.223373025330232958e-04	3.355914614066250854e-04	8.785924323016872442e-03
7.385778883225689595e-03	1.345264830433590044e-03	7.931690284384284055e-04	7.463538138463808591e-04	2.323948103287606926e-02
1.494656268843913734e-02	5.829861402859698276e-03	3.557406349483606400e-02	1.512400308260309495e-02	1.138334299723613857e-02
1.139206308696451286e-02	2.985398940875538722e-03	5.427942311046295848e-02	2.060045340096798572e-02	9.558310585994647321e-03
7.186765592216366565e-03	2.417602625614721518e-03	8.413112299072855738e-02	1.431940775961859091e-01	2.607029106949755332e-03
9.744594357966668979e-03	2.198793883604239791e-03	3.976376517944900379e-02	1.611178460749162697e-02	9.278141141728630734e-03
4.072404202713001721e-03	2.833965112968229636e-04	2.043743786787850791e-03	4.325831175514103935e-04	4.093600848729298837e-03
8.740864306582392385e-03	5.548238962250491135e-04	3.362191399326257442e-03	1.221518871984797082e-03	5.633688428390444189e-03
9.663093105528130708e-03	2.694076229428530808e-05	2.126071404893889460e-03	3.758572263406106452e-04	8.877729078444647481e-03
9.493671429160683087e-03	2.127057545329081426e-05	1.625412839098420428e-03	6.550906032851837356e-04	5.851803674637068471e-03
7.897201631451241950e-05	3.392345290285593204e-05	6.108794377728622715e-02	1.130198224080726146e-192	4.477581320277824561e-05
8.275075610785170496e-03	5.220791380312619575e-05	2.435803628276040494e-02	3.368692036400418440e-04	4.623261808553933913e-03
2.824428873138539473e-04	6.453818573773820286e-05	4.929602766590510804e-02	8.870533896794077401e-313	3.198656995683450536e-04
7.848049192363816887e-03	9.131356050138790884e-05	3.919794813970168407e-02	2.311103339311503923e-03	1.609753121397178776e-03
3.528402539473981907e-03	9.786822462955287571e-06	3.128828864066913779e-04	3.389851867598770211e-04	4.506395826725485658e-03
4.176933637753273663e-03	6.964462746822505570e-06	1.311785871539043833e-03	1.377890937012830712e-03	4.562580199689887130e-03
4.913011267993186784e-03	9.929830026039315524e-07	1.829348685346127027e-03	1.857792834428358369e-04	1.148155516005200383e-02
7.441232541126789092e-03	4.449844863924546890e-07	2.928610697080437971e-03	8.876156938746751837e-04	3.619308639028560003e-03
1.804632679801629683e-02	3.105533499968357938e-02	8.971553670681491359e-05	5.659608541431014606e-03	1.291827231054166851e-02
2.531589277589591652e-02	1.448537747067916298e-02	5.442010420658100530e-04	1.127649510613402441e-02	2.216288140942444113e-02
7.275815161684800678e-03	4.989089632759404272e-03	2.894122742800283498e-05	6.327862804974392769e-03	3.389718022859687131e-03
2.937574997782390479e-02	1.403605708551534936e-02	3.730927779512013733e-03	4.402548276187445361e-03	2.216342888626335675e-02
1.262362393313232189e-03	1.405158485164305637e-01	4.172135166698596651e-04	0.000000000000000000e+00	1.291766789580137825e-02
7.247035999701104646e-03	4.590706955985085491e-02	2.096670662054903259e-05	0.000000000000000000e+00	2.905736276160473044e-02
2.701650239481677429e-03	1.464722088498589606e-02	2.310650811343491011e-04	1.226537339285071267e-04	1.048218983359800252e-02
2.809875400029903172e-03	1.728942609282713427e-01	1.788326866994987109e-03	0.000000000000000000e+00	3.024724316218554282e-02
4.039768700321836117e-03	2.453579762384560659e-01	2.223186348736922412e-03	2.017392618173065311e-02	1.331940570592169589e-240
3.155311216665572516e-02	6.263499289497456712e-02	5.542114569081925521e-05	4.248244735276100748e-02	1.126198315606550572e-02
8.521302545099912820e-03	6.509504474740172852e-02	1.211308448749155893e-02	1.100142038439435588e-01	7.330983055342971426e-05
1.521827747187849862e-02	1.199475017208467692e-01	4.540345235174924422e-05	3.128257179093441726e-02	1.537480535462182980e-03
7.513937860636830078e-03	1.157192637275164093e-04	1.147634796660044814e-03	4.012236944114545845e-03	3.822937597708447183e-03
1.010889196978341335e-02	2.171723894982617012e-04	1.386265238569525703e-03	2.038973406504536543e-03	4.806765290865606943e-03
5.425081786628289417e-03	1.991847006781001921e-05	1.585514398932254309e-03	7.246922734136604252e-05	7.156192483816174212e-03
1.134321737684401352e-02	5.689643478226760119e-05	1.209188973129032363e-03	9.649865117286567703e-04	8.756125694095591785e-03
7.399621801653781875e-03	1.513006564506829744e-04	1.341294729538321587e-02	1.126911243211669092e-03	4.197485569410012128e-03
1.340149142020096058e-02	3.195167911652079407e-04	1.648584416894807378e-02	3.598636110942561670e-03	6.647944214486622289e-03
4.397879000750129497e-03	3.024759189971400176e-04	1.965760827804169039e-02	6.553702129874777607e-04	2.216269424805444605e-03
1.116016356964677492e-02	7.088403527685449763e-05	1.048511188469249990e-02	2.812050712089440331e-03	6.148630431936437553e-03
6.275535643737894208e-03	6.904877254972573673e-05	3.462156096484535510e-06	4.368593379433646437e-04	4.699393067745792109e-03
8.109160915536910846e-03	2.248380617307569988e-04	8.708658823894376315e-04	1.278838297025879827e-03	3.833439142966823393e-03
6.495022873995501440e-03	1.943561677422294158e-04	1.085086498356223990e-03	1.628355568364760154e-03	5.920159335263340886e-03
1.329601271360015234e-02	5.626522979128146629e-05	1.129252870407046862e-03	1.154772951495105452e-03	7.179696949797704196e-03
