8.668154403421977645e-04	3.099366161757782155e-05	1.135417332074364558e-02	9.094872511245584434e-03	7.601294933798155313e-04	1.840095109155157060e-02	2.986778868072303278e-02
3.499473939420480982e-03	1.060638815088370528e-03	1.265973582441749616e-02	1.543769077097862860e-02	1.892165704334001944e-04	2.482964957377104334e-02	3.205535708470726858e-02
1.648517675925494346e-03	8.430285915243883972e-04	4.313600585255784707e-03	7.431426386019749676e-03	2.236690065642450066e-05	4.745318283345708980e-03	8.052086388276591400e-03
1.655273753515388181e-03	2.359636039026773158e-03	4.299298332437427421e-03	6.233801239863240133e-03	1.849967302673673726e-06	7.531812112627181595e-03	2.409605380948803138e-02
4.323837971404073904e-04	1.268758927521955309e-05	4.095919642468308537e-03	2.742030629255328214e-02	1.245015535299930825e-03	4.165925671360804633e-03	1.007487131339422290e-02
8.012635184385040162e-04	3.834295140241254199e-04	7.572321923922086320e-03	1.768329060505787961e-02	9.677673024721116131e-04	6.336660568170373632e-03	1.160870584743629169e-02
6.341755310419999302e-05	5.165406978761143304e-04	3.121384210935088457e-03	1.712363980166496658e-02	2.266345962369886811e-04	3.124106512810037248e-03	7.042720766890468373e-03
1.554454368940093667e-05	6.759253894814578993e-04	5.853679319846358253e-03	3.199309320395316708e-02	1.836803221795639280e-03	1.803479441040421608e-03	5.097327458850754722e-03
2.483196770934137029e-02	8.702444697490653927e-03	1.688548080081410732e-02	1.708741317619490163e-02	2.347940304450641530e-03	1.043999720735673542e-02	1.029240890765081330e-02
1.109788992971685352e-02	1.112528350015166631e-02	1.349103692741394044e-02	1.005218419373315152e-02	4.302461812071340557e-04	2.162537887990703678e-02	1.746725293646981397e-02
1.959255150269430257e-01	4.639895791489277027e-02	2.736744912586551795e-02	8.280435889324127413e-03	1.096011743118572353e-03	4.966213269706478556e-02	1.233428236190660908e-02
6.252338071869317435e-03	8.342944311012125483e-03	1.343366613109357385e-02	1.045968592696202432e-02	7.798774700682264234e-04	1.663948653107249348e-02	1.465407278351002138e-02
8.743364202678560780e-04	2.234185694138872760e-03	6.667100458667961707e-03	3.830053458265916897e-03	5.227751800957630858e-05	1.026354427968285618e-02	3.700443765759680367e-03
5.820981583264040610e-03	2.704084003305101246e-03	7.597958256783667388e-03	4.249556725889782130e-03	5.782621643093035905e-05	1.348107716632138478e-02	8.202204908049601922e-03
2.228343045692268362e-03	8.659906742825594422e-04	9.412930433651661363e-03	2.833318108349190765e-03	1.240749678461312605e-04	2.206105987313276839e-02	7.676658507308730880e-03
1.807593847907962292e-03	9.531379095032859600e-03	9.180819272834117931e-03	2.503746357825529026e-03	5.437634995760168440e-05	1.068615749788869376e-02	3.899348142851474536e-03
5.403778622693842376e-03	2.415425856840619501e-02	1.250919750399977041e-02	4.827310481365894648e-03	4.650762161589841080e-05	2.622518396775582600e-02	4.533644641044670340e-03
9.796828694772312645e-04	2.036471325322712286e-02	5.515362997798783050e-03	9.255951403800723870e-03	2.678326244670706843e-04	6.432618823710559153e-03	7.698316594561673519e-03
1.099874783909130307e-02	4.354958295392565709e-02	1.423397570242973705e-02	5.159120247402817529e-03	7.712404100925863019e-06	2.174088533738437884e-02	5.155977174515577292e-03
1.299371646555545767e-02	5.576476318885060200e-03	1.625603509570894625e-02	7.712628717950125584e-03	1.242696908747234908e-04	2.865046664727455630e-02	5.658762299884686868e-03
2.303023537126362122e-04	1.366318057865122896e-04	3.313125982940718067e-03	3.224763479438140946e-03	7.455556668003039504e-05	4.206692055660626005e-03	5.770771285310183525e-03
7.941733413061761527e-04	6.670046256240366386e-04	3.400532019193839173e-03	3.537406977904578378e-03	6.168177589560538195e-05	4.840755373699850983e-03	2.578357053378197566e-03
2.244867436112038951e-04	2.870827298359468591e-04	4.077354790902475504e-03	8.416736153882185822e-03	5.220513189643776760e-05	2.024927190944213282e-03	6.637429489187017528e-03
4.773188440740413064e-04	1.018618013123262674e-03	5.447636930361700498e-03	3.745652261079035483e-03	5.480635811138626513e-05	5.610694769035469258e-03	3.208033272985055893e-03
1.919814458333357209e-04	6.931457036280563866e-03	5.006830008061706992e-03	1.986931661008002267e-02	7.175411826561038176e-04	4.164259546139352508e-03	3.846680047882009013e-02
1.133766208068205921e-03	1.702513516526580131e-02	3.032637627647037128e-03	1.585202235789279560e-02	3.714537792836132752e-04	4.810764705141129874e-03	3.030117062367776448e-02
1.099387180970410813e-03	5.224127919546215498e-03	5.655253822392506367e-03	1.135482243120441645e-02	1.919598186716381676e-04	4.151869429600809659e-03	7.210112248542576568e-03
1.560260861678912847e-03	4.757464325133497346e-02	1.943319946301019091e-03	5.757593651992186021e-03	8.787279357502162909e-04	2.436098071652512739e-03	1.427904724427601565e-02
1.528745074727229966e-04	1.492749908999004027e-04	6.950356737484885208e-03	2.509972438087607755e-02	3.200195798447857173e-03	2.977105446418081610e-03	8.215710409328221692e-03
4.245214291004265473e-04	0.000000000000000000e+00	7.076454813966026776e-03	2.481395149760699803e-02	3.878438584961622546e-04	6.547777157090184895e-03	6.733355199000361224e-03
3.725456879114720076e-03	1.490038425805644386e-04	8.048029730952399249e-03	1.721815534136512602e-02	3.419779221383162309e-06	6.393894273470037207e-03	8.172253457749566533e-03
1.639440983426908847e-04	2.792993780535865341e-04	8.161471342435942453e-03	3.716382946060547976e-02	2.587377812721473533e-03	5.959653715375191028e-03	1.137800234792969885e-02
2.259584656725030852e-02	1.989090478643521301e-03	2.881948484715190009e-02	1.605361989995384570e-02	1.033502193855857093e-02	2.203249561948246449e-02	1.836898982549245787e-02
1.421420595876028356e-02	7.264412333066608621e-03	1.295195672974111360e-02	9.935927907431359868e-03	2.123357759099389879e-03	3.814863913293298214e-02	1.528721784991831159e-02
1.850642696574811008e-01	2.886091659691871966e-02	3.468674984142215700e-02	8.211940042457548800e-03	3.680750711581831647e-03	2.432405701891037289e-02	1.244996685330026012e-02
1.510367878318897433e-02	5.522797356929441161e-03	2.213902694697893539e-02	1.994373246662754437e-02	3.400654960127125290e-03	3.042092895210836770e-02	2.260360663353481667e-02
4.491968510088060270e-05	2.101171430089891420e-03	4.298196689438941488e-03	6.600241688170627868e-03	1.427147162645540728e-04	2.216064994658846835e-03	2.506147212267633394e-03
7.556156016666922253e-04	3.224086800194286839e-03	6.432864106045823975e-03	1.525506607645138457e-02	1.024344156869388522e-04	4.213705822716126009e-03	8.537977083376075554e-03
3.034074939248844385e-03	2.114768934163890283e-03	1.163721098664788518e-02	1.426545342353387896e-02	4.436728786694336707e-05	1.209930757134666975e-02	1.206174107350235433e-02
5.062070840777102348e-04	1.133653942567796691e-03	7.038952559843759255e-03	1.488782709390860590e-02	2.200689530981834053e-05	5.352894126708216370e-03	9.915424976324476933e-03
4.707012402796815462e-05	2.353820783340607875e-02	3.529016984258189545e-03	2.947151734763355912e-03	4.127771866699916610e-05	1.538656800627968444e-03	1.343710569246353093e-03
4.843603136762645732e-04	2.042059133808130089e-02	1.246069749536789922e-02	1.316024153467658560e-02	1.044577578496214024e-04	7.964017798661526121e-03	6.479429161416395098e-03
0.000000000000000000e+00	7.873899243348947419e-02	2.388731302405465527e-03	4.260698792885786804e-03	3.511064455138777516e-06	5.914153184406617265e-04	7.094641030586924758e-04
2.379579527181665231e-03	2.209790589064720631e-02	1.556880417289415071e-02	1.076598858656049873e-02	3.258329292109185169e-04	8.506034796050320271e-03	4.276137320740141211e-03
2.055657406624125064e-04	6.123279043401934701e-06	2.457958951001820366e-03	3.574437586224306698e-03	1.129005384646676194e-05	3.595770177449848087e-03	3.072763478071783606e-03
1.181248627044630822e-03	7.508191285352360661e-03	5.786602643728326785e-03	3.918542484052582424e-03	1.293466796445141072e-04	7.442173085880810120e-03	3.730552621478844342e-03
1.553075725979216962e-04	7.826867538905345201e-03	2.731994369253808695e-03	1.768704457373815320e-02	0.000000000000000000e+00	2.469284174441606968e-03	9.457131941012022341e-03
6.638555287477304742e-04	7.774333043666552603e-03	7.715604025306081054e-03	1.645197115653218925e-02	1.478054245834164245e-04	6.726148915061081097e-03	8.378762115268592950e-03
4.036462339344360981e-03	1.271822786026671236e-05	9.572107463720003206e-03	1.133903755140960000e-02	1.040660031773734198e-04	2.453486852472571561e-02	2.601092521985359091e-02
2.578199517645616678e-03	2.309905935411298451e-03	9.356220037589070906e-03	1.545371238133883343e-02	3.123485210158868995e-04	1.296870054806913315e-02	2.799469846565152964e-02
4.992500482215290677e-03	1.845410023381973243e-04	4.563614622721061040e-03	1.252393181257344286e-03	3.809303084796263511e-05	9.408404564034113238e-03	8.747514491028280173e-03
2.592906164500445674e-03	2.951655262816737200e-03	6.381643914927156817e-03	9.013994239934831551e-03	1.977203879809796979e-04	5.397186370626537270e-03	3.631508969930163921e-02
6.525195437324937675e-05	3.767412351548171581e-04	3.356059636677491756e-03	1.636873273618939112e-02	7.978883928873471828e-04	5.534074060647970958e-03	7.026949262618968454e-03
1.034915769995814038e-03	3.905880273633110123e-03	8.032428013602177855e-03	1.672097102913054634e-02	4.994534340830568972e-04	4.636985972400862674e-03	1.056743546011544577e-02
2.031046888833120333e-04	9.292769744948661879e-05	2.170173571166938899e-03	1.003754794275145239e-02	3.555436306366626222e-04	3.005498936003961081e-03	3.492401552632941591e-03
4.448364244799673378e-04	6.769692623718450916e-04	8.239050593887412705e-03	2.602410830357925614e-02	1.077388828965395980e-03	2.560225044198195191e-03	1.080448585341538086e-02
1.411501997508298085e-02	3.689395618447496167e-02	1.069753891249466092e-02	9.368592796927371555e-03	5.957944000957891492e-03	2.340292495888988619e-02	1.328348605891838813e-02
2.157314416094886431e-02	5.540788031377385375e-02	1.770440943182718246e-02	6.445325709158099443e-03	2.562026499132460857e-03	1.956249599346696066e-02	9.372565933065448926e-03
1.849286648658399479e-01	7.524077573504917016e-02	2.734449594554441698e-02	4.386392637849839161e-03	1.361007110856436025e-03	2.011610637023670753e-02	6.691707811324781527e-03
1.726775092462010802e-02	4.099133200309859615e-02	1.060613548622978304e-02	7.832401124936758108e-03	1.884023968397715828e-03	1.269472924903380061e-02	1.194090897410116092e-02
3.430759341288406087e-04	1.897339924831166784e-03	3.077090912230713918e-03	5.038975631209655949e-03	2.059259323714018506e-04	2.361872043681437043e-03	3.056265268575370994e-03
6.679430461331395700e-04	3.170215611540844105e-03	5.954221041260278173e-03	4.992296781628207704e-03	4.247677897931279186e-04	6.415416403824051629e-03	7.345629394328842370e-03
1.048161107104750154e-04	1.936780073151399793e-03	9.204425716116066206e-03	1.045858444724782552e-02	2.343204368096295906e-05	4.782238738389546842e-03	4.532796816310932439e-03
4.123865824902864653e-04	1.490358262781838177e-03	4.683720305709546811e-03	5.211786137466729342e-03	1.358377198334525230e-05	7.379414394086818672e-03	6.685450231473846934e-03
0.000000000000000000e+00	7.047579401194045690e-02	8.676946030667400094e-04	1.102972475294282877e-04	4.208519181665827484e-05	7.089267898040812349e-05	2.171952952470065476e-05
2.152265743659559491e-04	2.626151120441182901e-02	4.957676318617140754e-03	4.184058351380618226e-03	3.691323280583320212e-05	5.440918765100300272e-03	7.951169566839180747e-03
0.000000000000000000e+00	5.622298836719876597e-02	5.300855135267103224e-04	8.197182133978579656e-04	7.837104122846580358e-05	2.557570802664855267e-04	8.312359844101637829e-04
1.425105885224239692e-03	4.020727346798800422e-02	8.662215278496965959e-03	2.246726444267194318e-03	4.179157651817548444e-05	1.005224297163951654e-02	4.036085829475525612e-03
1.680860584463263001e-04	3.078244822346630082e-04	2.628571469602883608e-03	5.358910000743536892e-03	9.417456138882698927e-06	2.086206709359832764e-03	2.592082651034944597e-03
9.819035468026698823e-04	1.261535297867737247e-03	3.223063149196410838e-03	3.905510548430239648e-03	3.460035712096650127e-06	3.614153395469365312e-03	4.412241556225258467e-03
1.369108586306839841e-04	1.795259273868513809e-03	3.374109889115739936e-03	1.279556993927614093e-02	0.000000000000000000e+00	4.366947108738131710e-03	4.519355373291775169e-03
8.197662402676998174e-04	2.547779256105631076e-03	5.732761072487347134e-03	4.554894822466222168e-03	0.000000000000000000e+00	5.797202527092180230e-03	2.655221848572143252e-03
2.824034912455064637e-03	1.192136458727024599e-04	6.543451336289423867e-03	7.704551324875411750e-03	3.278337474379820066e-02	1.028544599754936152e-02	3.416124616272795539e-02
7.212514247798316319e-03	7.003716088559528308e-04	1.526123848663744377e-02	1.757647130439113012e-02	1.490651407732146959e-02	2.226595976650160014e-02	3.239407214090051640e-02
2.832523228566285675e-03	3.056521724249027590e-05	7.149401388453171212e-03	1.605373407024978175e-03	4.854436025660976983e-03	9.900666241006354437e-03	8.524517055963711648e-03
1.225493086067630478e-03	3.588396581231930848e-03	7.173100662759223332e-03	8.715764500192280800e-03	1.421140124966907212e-02	5.708582075191901556e-03	7.016896178044196297e-02
0.000000000000000000e+00	2.457696625509908617e-04	2.600324894627061012e-03	2.431685481857749631e-02	1.500103814452256878e-01	2.365813375792203863e-05	1.971245897801585621e-03
2.598643699031416670e-06	7.697999749844905697e-06	7.857515830471799648e-03	3.560876815335904666e-02	4.874125292379635765e-02	2.381486918500375083e-03	1.162726758657942061e-02
2.087879643597271835e-04	1.710228328185850401e-04	2.694895309546552122e-03	1.407925108996685958e-02	1.538992894621212491e-02	8.773268766343862799e-04	3.513507071824499822e-03
0.000000000000000000e+00	1.373020771294269091e-03	4.325785807041485249e-03	4.825625344997618721e-02	1.847789831816431805e-01	1.441581657036263009e-04	5.380942219351499307e-03
1.455149446880428868e-02	1.615475828371560046e-03	5.211173483496617936e-02	1.557019097125472592e-19	2.470352036405998597e-01	1.577387699368731910e-02	3.360957783000597873e-03
2.559343605837871918e-02	3.307929788986030731e-04	5.405222903373901877e-02	8.211908321901344524e-03	5.871027642603948715e-02	5.382316013345836425e-02	1.799065864928264119e-02
1.117094488680606817e-01	8.085289147883875996e-03	7.918838750067618004e-02	5.539884476537182889e-04	5.802752993633240181e-02	2.301883393513630763e-02	4.838217490540341545e-03
1.690424594871561825e-02	3.459213004112458709e-05	6.820278400735847735e-02	1.424083603038465116e-03	1.133563589925723342e-01	2.741131787503436890e-02	6.732817851719032423e-03
1.790164940159337439e-03	8.039259291031440689e-04	7.157274066334134294e-03	2.590462766167955875e-03	8.366821091192565957e-05	1.196840142447025759e-02	2.433009721832799996e-03
1.394454122254073234e-03	1.294926925797213260e-03	6.273292239420724323e-03	5.085916087035018303e-03	1.632742963992119055e-04	6.501076034705698115e-03	7.133624548054311870e-03
6.209645846694287292e-05	1.555843069371698169e-03	4.820152401012566326e-03	8.973688031064490020e-03	9.417325130025028048e-06	1.921568057402840094e-03	3.605598240619603892e-03
6.209081819664678120e-04	8.173533466020320611e-04	6.589036318987472225e-03	8.499327533999179174e-03	3.352094499631280049e-05	1.209507960153321897e-02	5.124585608543215896e-03
1.110900981845726419e-03	1.333514230399042259e-02	6.632720583545938936e-03	3.705836561600856210e-03	1.294126565048591836e-04	6.419464707709576431e-03	4.862441583123359827e-03
3.438994173174821176e-03	1.663141329042525443e-02	8.916639518684193327e-03	9.203642293046496517e-03	2.108772722943985298e-04	9.653714606812097837e-03	8.156136594258820566e-03
6.895684337680583597e-04	2.054641657611623942e-02	3.238055054094245242e-03	2.148138897385833569e-03	2.775380574174290721e-04	3.928462188440848615e-03	4.282628513761771102e-03
1.042833351875832896e-03	1.049114759603216908e-02	6.347369365069394261e-03	5.056843618689880679e-03	4.224769300130699174e-05	1.288534937810699443e-02	8.225085779673492470e-03
2.016764939318591162e-04	3.888255809242461277e-06	3.908205208434207927e-03	4.835251775421219034e-03	4.343422044100592151e-05	4.161041767134676835e-03	4.615640137282499451e-03
7.361063324617694208e-04	7.461757152317322018e-04	5.995815022188986584e-03	3.201085670664590484e-03	1.858123388146649252e-04	6.807094027867513497e-03	4.326103843571529883e-03
1.367253356559885915e-03	9.761599360185329623e-04	4.463017755916174820e-03	6.391615608121594544e-03	1.193812417005759229e-04	4.649594662067599478e-03	5.358733927746585357e-03
5.606263831039505225e-04	8.778857261752453850e-04	9.000078201717495036e-03	5.690999385042938910e-03	3.318648122032364354e-05	1.033723881869022358e-02	9.026226676833811260e-03
