2.248692044574631885e-02	7.408130327244800235e-04	2.991369697283509030e-02	8.959279783840820056e-04	1.143935408533081464e-47	7.871580798425082542e-03	8.433304579605411383e-03	1.005057730646913977e-02
2.554161705451175185e-02	1.016210525101381460e-04	2.928474117104143057e-02	2.561304224212793655e-03	7.658712049909000138e-04	1.584398758794508880e-02	1.270768618796310097e-02	2.057025814349784307e-02
6.432920400141280311e-03	2.080216646885088905e-05	8.003066293197103401e-03	1.256642651344792427e-03	8.211445248159796257e-04	3.213424122972162716e-03	6.739705126511144791e-03	5.478610305054228483e-03
1.032503807524908640e-02	3.732263742287681412e-06	2.486151281889163733e-02	1.365883710335142730e-03	2.310467531717059347e-03	4.488449879337099054e-03	5.334727060680281158e-03	5.268030663143967625e-03
4.360986346091695089e-03	1.198466713504529792e-03	9.483091466089199270e-03	1.200495304636800098e-04	1.668963222902761684e-05	5.565147894033427474e-03	3.023261418477884988e-02	4.295616566765204578e-03
8.224553113630541507e-03	8.965991725283013096e-04	1.182397475551814903e-02	4.377487920809798095e-04	3.511113725138939514e-04	5.987076957903294042e-03	1.755433199232899963e-02	6.929411775771113918e-03
5.963152787153232562e-03	2.305069124075106340e-04	5.351988094575387683e-03	6.291861001753319067e-06	4.619272111043909641e-04	2.999143432825716361e-03	1.893903756800402113e-02	2.490460221467325277e-03
7.652702978745359874e-03	1.909649051589135983e-03	5.010625152261574330e-03	1.265356360240766781e-05	5.215329892524707455e-04	3.463858696619584714e-03	3.138102679291635694e-02	4.807928461115069246e-03
9.904929198082029762e-03	1.930772269291457493e-03	9.270506496081184350e-03	2.393481729432151567e-02	8.496895868542561625e-03	1.630127194077373581e-02	1.648969733064536286e-02	2.000271523895961676e-02
2.114091128882565618e-02	3.024573147348301656e-04	1.483932869530597311e-02	9.907959132504430208e-03	1.107210215579721574e-02	1.226447479154992894e-02	7.833471840273139100e-03	2.295964652899021297e-02
3.341611278680623603e-02	1.052279133956010495e-03	1.790278343660394247e-02	2.198566831779817099e-01	3.966082705635968347e-02	3.818123416571463785e-02	6.567968317702711778e-03	2.700571372542240334e-02
1.053723574543409189e-02	6.400797535373360398e-04	1.356978137487199233e-02	5.028474862597057810e-03	8.421731251608739061e-03	9.164853430029127473e-03	9.952795335904667320e-03	2.408222548611533426e-02
1.144366647432097997e-02	5.266541114872423603e-05	3.161641083439801266e-03	3.937770538832371134e-04	2.081513272579352432e-03	6.681710517587618157e-03	3.083760057203511519e-03	5.878405775403658558e-03
9.087974699161215433e-03	4.865932270298551151e-05	8.303145880995099412e-03	5.717733107723847220e-03	2.512519571969028514e-03	6.835200967831162912e-03	2.945662427953230078e-03	1.399426108905650265e-02
1.969563690944029291e-02	1.211849678121294392e-04	6.573994096051425165e-03	2.147116062485398061e-03	4.727903612466396489e-04	8.383071899122847975e-03	2.689298142554872977e-03	1.170819609420145971e-02
1.638209732760470549e-02	4.701160040462390075e-05	3.197087923827137985e-03	1.413540972409086435e-03	9.388405841466877788e-03	5.924164118354546642e-03	1.199021509626596550e-03	5.277001517700165636e-03
2.945204208410622318e-02	3.132947266708677653e-05	1.404472797116009626e-03	4.442321770800969002e-03	2.434171815920263549e-02	1.412474765137187310e-02	3.578590554347161473e-03	1.327686491126321006e-02
1.167052209563605725e-02	2.550074965480134473e-04	7.485292295326925402e-03	1.045393803394861201e-03	1.992295403233518628e-02	4.565638360736481820e-03	7.584829626693335644e-03	5.881911397408882795e-03
2.518007277794613585e-02	8.340384642695393503e-06	3.877485240951942819e-03	8.722504941518422969e-03	4.407318962980918270e-02	1.595965712726485700e-02	3.457520343937081023e-03	1.616357948871825767e-02
2.832779896558349289e-02	1.244603510972181501e-04	4.803222075958427269e-03	1.325222130581899492e-02	5.033363524984168884e-03	1.401548641412754710e-02	6.476463687286089163e-03	1.759928442277498839e-02
7.061292539008696446e-03	6.437343706990055088e-05	4.221650366121152895e-03	1.849232242233876103e-04	1.252379010424990973e-04	2.044418801303331517e-03	2.792353018225098970e-03	2.937525416365922067e-03
6.307331550183126710e-03	5.875994005212422804e-05	1.998279556295592865e-03	5.676915250075240506e-04	6.274318229381774725e-04	2.510134184144370995e-03	3.292714440876187958e-03	3.340558980033770699e-03
3.466810769506373843e-03	4.964472071534408164e-05	7.406478396163870132e-03	2.693386988513503128e-04	2.477079844109310314e-04	2.452740710385677928e-03	7.380272214470245604e-03	3.727118727516667753e-03
8.132099424795919199e-03	5.325061114241206087e-05	3.740761834026085173e-03	4.537800261573793586e-04	1.004588569974099871e-03	2.796212489991075668e-03	3.076827705012483583e-03	3.074722024562428265e-03
7.816851890918177434e-03	6.396526616252260627e-04	4.180044142240699895e-02	2.979188207648439911e-04	6.877842778519985788e-03	5.651920422057904632e-03	1.960904573199865816e-02	4.304334293012533445e-03
7.555161577532751131e-03	3.393620186056934911e-04	2.951762937791161875e-02	1.060238544160222980e-03	1.719229420017301044e-02	3.513775541635655395e-03	1.557954144921849284e-02	8.081897534242212314e-03
7.683693973903189985e-03	1.804770539057032384e-04	6.600636487901495250e-03	1.142348924940937271e-03	5.280096855648257724e-03	4.897609742005188879e-03	1.031901205134332956e-02	3.987174389977767540e-03
3.385800764093483371e-03	8.752230359838041041e-04	1.459313718459884744e-02	1.533926600459674296e-03	4.929862148675951544e-02	2.185535699086994191e-03	7.892528450285717784e-03	2.603384178781026261e-03
5.960972791236281501e-03	3.300782419525825472e-03	9.402336162458078961e-03	1.350089916015493176e-04	1.641161734838506427e-04	3.872181784337121440e-03	2.782131097795566624e-02	2.316202858908791157e-03
8.489393853016396693e-03	3.688577864831538264e-04	6.731434578393918379e-03	1.016294322808614553e-04	0.000000000000000000e+00	7.128340886556490917e-03	2.518552827156862739e-02	6.244739463042393510e-03
5.567265582407471269e-03	1.974753231687162247e-07	7.455286057740146202e-03	2.879459969452096302e-03	1.599548264122913218e-04	7.812987817714545785e-03	1.874815909986213280e-02	9.536401682186007242e-03
6.548117523896676909e-03	2.628379739495677932e-03	9.227591488822108057e-03	1.665158720967857379e-04	1.998179182514140079e-04	6.913158861569908276e-03	4.359020760244475962e-02	6.187266489899131972e-03
1.241090352449739954e-02	9.655908124441257151e-03	1.943483208139556301e-02	2.037695194315936043e-02	1.579609128155595992e-03	2.635805067175645000e-02	1.612359851490517693e-02	3.548195847867854219e-02
2.700592353207220339e-02	1.938240515838014159e-03	1.395755336843473166e-02	1.115346543354361723e-02	6.822027699083778318e-03	1.546551784547922463e-02	6.349519423122988553e-03	3.618480277505284337e-02
1.542227137397720813e-02	3.226197913031103072e-03	1.429049577555930456e-02	1.987754566942225021e-01	2.535976775844324058e-02	2.895887868844401053e-02	6.774996337570617436e-03	4.389880551004565756e-02
1.891867525520596338e-02	3.091961075975215110e-03	2.350013889698670394e-02	1.239331127938127393e-02	4.894431092540984726e-03	2.092156347494085120e-02	1.914422476714005422e-02	3.804248658724037474e-02
5.794779115528803440e-03	1.263750495179383291e-04	2.769210450497035757e-03	7.991676135181843496e-05	2.120705349708782404e-03	2.088150161927917244e-03	6.432819583927868075e-03	9.422645257031185724e-04
7.255807516765599464e-03	9.129389114478492619e-05	9.028116386186051112e-03	2.615820467070660614e-04	3.159679470381047354e-03	4.190538739541875383e-03	1.582211183164385429e-02	5.211450285080740548e-03
1.713277316745524109e-02	5.060694303947413673e-05	1.189631999736576011e-02	2.396236854328612567e-03	2.202015457734528541e-03	6.444442610377105508e-03	1.501214111894026704e-02	7.605509004083047149e-03
8.961009376778676649e-03	1.213541200154459699e-05	1.045725981241194327e-02	2.409806405208402111e-04	1.103507576139141702e-03	3.245259928144344271e-03	1.473785977499653642e-02	5.047515606923094929e-03
3.338896721447157708e-03	3.958186942971842495e-05	2.609040107016584800e-03	3.924962856805295705e-05	2.433403998054129574e-02	2.546415465727404782e-03	2.988162678664124834e-03	5.883948708404135655e-04
1.837211204186222149e-02	7.280146471066856998e-05	6.525420719257666972e-03	3.107441468492517849e-04	2.105540360230599706e-02	5.431579643615219895e-03	1.272268580808793431e-02	3.546721927746035886e-03
5.175380734705625589e-03	2.257956857648549740e-06	9.711272529663388629e-04	0.000000000000000000e+00	8.232573859770112024e-02	1.619242004266657460e-03	4.207569450768118557e-03	6.165755500003151056e-05
1.873215329795079043e-02	2.968631687629858114e-04	4.554457720851512632e-03	2.647813202013541908e-03	2.171090094907989973e-02	1.081252468137726408e-02	9.415211454821428502e-03	3.935558583553073510e-03
4.771162958090374197e-03	9.766366416312918043e-06	2.982270438630333417e-03	2.227491086058326110e-04	5.324688560440521541e-06	1.271123931503280414e-03	3.286413784213499008e-03	2.456706143478077416e-03
6.429024985454597461e-03	8.982654996882051535e-05	3.477139648558087194e-03	1.039088801898140632e-03	7.750146769847444765e-03	4.502050041628635063e-03	4.310708504980446248e-03	6.344998860036722525e-03
4.842811227168526862e-03	0.000000000000000000e+00	7.777837871928283166e-03	1.868279557955348461e-04	8.078107233590398062e-03	1.606968426873796579e-03	2.114895281230156493e-02	2.266107285402270671e-03
1.534287177724004414e-02	1.340094601360695026e-04	7.490679853634228495e-03	3.798419314060123863e-04	7.569738857423134563e-03	6.551943699739147010e-03	1.339958318933816110e-02	5.723191994018944281e-03
2.092309358223476412e-02	8.755999955201097785e-05	2.754936862938672446e-02	2.262131216030673943e-03	1.374146876396587076e-05	1.154544716396569554e-02	8.150737382847276363e-03	2.032294888887952941e-02
1.308045964600125857e-02	2.823698602733196823e-04	2.792106406156867268e-02	2.139058590512293249e-03	2.245092766503325402e-03	5.704312006085141516e-03	1.623858670480566799e-02	1.412930278494411301e-02
5.402260652377172991e-03	2.584232268978428764e-05	9.145959263114376153e-03	4.742426644845104504e-03	2.038218618618534226e-04	3.576500748663280927e-03	6.517757327735076165e-04	1.042272389884979500e-02
7.369876761065322773e-03	1.731151394802905158e-04	3.781124696980309174e-02	2.134984731228238043e-03	3.069937566145114309e-03	5.552961868822270559e-03	1.121093019232093438e-02	5.189779209061223461e-03
8.371221633992179806e-03	8.378788954710628773e-04	6.814238897458256387e-03	5.995563246943807340e-05	3.315662398538496620e-04	3.823005025617955219e-03	1.536100405013932427e-02	3.756834004787613143e-03
6.809766408149243652e-03	4.698169257805427375e-04	8.201427833397164496e-03	7.397429444335875889e-04	3.988610223879160074e-03	4.516176597877697221e-03	2.009181205049204166e-02	7.345084499720088214e-03
3.627674485843358602e-03	3.567194782071150447e-04	2.526037325999433251e-03	1.420359938831389744e-04	7.854585670511186803e-05	1.715303054311175836e-03	1.098984504575934405e-02	3.234522111272843028e-03
2.755532626453072349e-03	9.894836684782681684e-04	1.413593318590565355e-02	3.914713718810232152e-04	6.252083045845039213e-04	7.151234511301682653e-03	2.742042228298485068e-02	4.823437398211468871e-03
1.508042611687648513e-02	6.105588600935946304e-03	1.295989937826806486e-02	1.316493322816728907e-02	3.741955441067135180e-02	1.000055507979327567e-02	7.776150492330121886e-03	2.773237732290918106e-02
1.487372694400113278e-02	2.250909564436129068e-03	8.585497779775430952e-03	2.027179282471929314e-02	5.571598409272355418e-02	1.449564687933215662e-02	5.998020552029471354e-03	2.873942806085406226e-02
6.058585598046608775e-03	9.940123271027735338e-04	8.644192569348447056e-03	1.999541016764460888e-01	7.203332380494735510e-02	2.005920414863671120e-02	4.812606897156485909e-03	4.660292675455424832e-02
7.646140928572900917e-03	1.664287476496025767e-03	1.393831226340520868e-02	1.655734867077015421e-02	4.137677499567229272e-02	8.465465553180829411e-03	6.928545012673653289e-03	2.103732582180524099e-02
4.748864762131491807e-03	1.694478157763760898e-04	3.188942068312224966e-03	2.761574279890544265e-04	1.823914226504432011e-03	2.448587759646567771e-03	4.304164277595412882e-03	1.505418293835831438e-03
7.771315819628385989e-03	3.532187532282123109e-04	5.521303469062105104e-03	4.508705915449275959e-04	3.206106372341871978e-03	5.299064347656133080e-03	4.736650124359480414e-03	6.134144338420030075e-03
1.251285338509751204e-02	2.476203453006037137e-05	5.245694155492103966e-03	1.966999690500303457e-04	1.786045893507331268e-03	4.663318377171870623e-03	8.497099764652361539e-03	2.685982361373616747e-03
1.046326813488625621e-02	9.076847083147784247e-06	5.726539075023843149e-03	4.367974618761665982e-04	1.470884037263941709e-03	3.051347790018295401e-03	5.073291981328068023e-03	3.161204975940831111e-03
1.135411945241294540e-03	4.686216980031773365e-05	2.574698654309950127e-04	9.293875857079555763e-05	7.479808853005123770e-02	7.356197462761399162e-04	3.065921332903134735e-04	0.000000000000000000e+00
8.050063711830347801e-03	2.300541801732679508e-05	7.756709899449220486e-03	2.273698371031958272e-05	2.738482318575160418e-02	2.525531928752378953e-03	4.175096052239471965e-03	4.618448510349236653e-03
9.926778473509196513e-04	8.560334114049024628e-05	1.037006540159014778e-03	4.181691804377369909e-05	5.984068198978966663e-02	1.360522596275268294e-06	1.158932902274866904e-03	6.003706966794834576e-05
1.229438065359296679e-02	2.404789081264837312e-05	5.058399731862139349e-03	1.086772052207609935e-03	4.108790998790105842e-02	5.780331707234273413e-03	1.845196787264486793e-03	7.071628337185172954e-03
3.730036005416269805e-03	9.258112011998487499e-06	2.532259177852072291e-03	2.993207369400175278e-04	2.427942837586034267e-04	1.536193912133023342e-03	5.303887072705647243e-03	1.233804255769675425e-03
4.290725915406915641e-03	2.722151803765221988e-06	4.400284128082984289e-03	9.059948110017525431e-04	1.263090613122909564e-03	1.754073150849622597e-03	3.753921699276750561e-03	3.701750657111493870e-03
6.435209105686782137e-03	2.285607239507656895e-07	4.023005805351545505e-03	8.833819606488721953e-05	1.702905712855987347e-03	2.751895736611674297e-03	1.209964315470511351e-02	4.271903507787426328e-03
1.027445048552668924e-02	0.000000000000000000e+00	2.702218308843609695e-03	7.882621299237826387e-04	2.610609783457095486e-03	2.610117536532793360e-03	3.824736726898701408e-03	1.836255623626063078e-03
1.111684430689595382e-02	3.410027333137199274e-02	3.870487015095489675e-02	2.273343944399904351e-03	1.174061256942877626e-04	6.517085695769601374e-03	5.817554919864668765e-03	9.617691766181088453e-03
2.612773939138698237e-02	1.528356823489756926e-02	2.931626515810393380e-02	5.539509119819674768e-03	8.726369575440738558e-04	1.486028558686986606e-02	1.428356698244846561e-02	2.187918125007495482e-02
5.490569193312555898e-03	4.720835100370007059e-03	9.429158425271061406e-03	1.956034784621345484e-03	9.444366950572995255e-06	6.125278822370880220e-03	8.062823790734690828e-04	1.294858156198540333e-02
3.074435960337405446e-03	1.426075811202178259e-02	8.184277456396735206e-02	1.049688471735601980e-03	3.287035352062172167e-03	6.448169311960644939e-03	1.117182810273849303e-02	6.400059920456070348e-03
6.932910198119812250e-04	1.583210809852974577e-01	1.652718291764905707e-03	0.000000000000000000e+00	2.162618236249455432e-04	1.854573516614258736e-03	3.004883656354651392e-02	4.076341090217995436e-04
7.968604352151744188e-03	5.124390793541263450e-02	1.078577226208286312e-02	1.221042837579687434e-05	6.302574901867701318e-06	3.765354405930689940e-03	4.243104474996765157e-02	2.351403975418054661e-03
1.794566657637366048e-03	1.622232341986497642e-02	3.859554723707703423e-03	2.215107077825085582e-04	1.439675298977465847e-04	1.969811489042343645e-03	1.526653212081998355e-02	1.975468663723767542e-03
9.173421620401469526e-04	1.949180274210272346e-01	5.683923931185951711e-03	0.000000000000000000e+00	1.285394539861259029e-03	2.861871641949401829e-03	5.872013070965023673e-02	1.365539467591231609e-03
4.516048218845982072e-03	2.456171792591634040e-01	3.190591280461121341e-03	1.153669172779574030e-02	1.391314845996134740e-03	9.289028636816638873e-02	6.066102890293537929e-06	1.915773028926411742e-02
1.819930718659544880e-02	5.452653480927776436e-02	1.924572435931896225e-02	1.924621931143942824e-02	1.802769331426534185e-04	6.783949227431435025e-02	8.388525163702200207e-03	6.514033962228692187e-02
1.267199424213323079e-02	5.159602043201676896e-02	3.188386914521729263e-03	1.078182402514421406e-01	7.539131021833026837e-03	1.133675908490442835e-01	7.419464244012323115e-04	3.308714466687352057e-02
9.134167704022536777e-03	1.059024402643153895e-01	4.213296430743958786e-03	1.042094234812497577e-02	1.249363775495341417e-04	1.077401783980242445e-01	1.665321901356166777e-03	3.223988174516137506e-02
1.081113764100094694e-02	5.942387375125238419e-05	2.289360100686069991e-03	1.183096351921294857e-03	7.784580888488629386e-04	6.477965657326101995e-03	1.814608073531557252e-03	8.239780455381227886e-03
1.034988573576094834e-02	1.600327043181314340e-04	7.127905016784238414e-03	1.355159054465558460e-03	1.326471539359883869e-03	3.649862938618681288e-03	4.340068229220807143e-03	3.505050759083430667e-03
4.773436321730031330e-03	6.248826332927422740e-06	4.019400387459743339e-03	3.402624106079758727e-05	1.504322094998439665e-03	2.161376008159596705e-03	9.111159421653294496e-03	2.142934912162678708e-03
1.701368725851933050e-02	3.020787721977211005e-05	4.698698235586426519e-03	3.592641573881726795e-04	5.376013462291736591e-04	4.854438850249752531e-03	5.846186217606370167e-03	6.548158394634480579e-03
9.020707679217393471e-03	1.062773472711616552e-04	5.351039187583564276e-03	6.086529565658227534e-04	1.342239285091422450e-02	3.339799622966006538e-03	3.072108288614537695e-03	6.344109550312456748e-03
1.426319981328161637e-02	1.811818582341523506e-04	7.617932445822326974e-03	3.470271872890139542e-03	1.676453943771665303e-02	6.668720300539717621e-03	7.961640784967425125e-03	6.328557751221845426e-03
5.764189009863358686e-03	2.584275857524490246e-04	4.218316425991703450e-03	5.269975324978136075e-04	2.127505009612495890e-02	1.539054115043312753e-03	1.980760293890812106e-03	3.587616393114212692e-03
1.600259782174323284e-02	4.043399391342529411e-05	5.129009656110124042e-03	6.445105848098664882e-04	1.058028301256986638e-02	5.002320107316745104e-03	3.718762080414328430e-03	9.704858864172029309e-03
5.931776215914883778e-03	3.937400589563362402e-05	3.921431220620024381e-03	1.157010290331960902e-04	1.220418696239034445e-06	2.278587927426149653e-03	4.865174806505212328e-03	3.055411653899552625e-03
6.022175125060174293e-03	1.671765363089161138e-04	4.569969670364386512e-03	7.121193701146516985e-04	6.928002639542323125e-04	3.405567122330395349e-03	3.496865733159057812e-03	6.293771379675130832e-03
6.656075745063178700e-03	1.057098934274363353e-04	3.791542865699903432e-03	1.222562696248224393e-03	9.498696471337383018e-04	3.981611217565727071e-03	6.950994292388058479e-03	3.223367179033408310e-03
1.187995768034879815e-02	3.351433248827969069e-05	7.930346496395178010e-03	6.305146389447323970e-04	6.972566234023282877e-04	5.010014907676649254e-03	6.438813868085677822e-03	7.438301830644197116e-03
